1 2 1400 120
1 3 2000 180
1 4 700 60
1 5 2500 220
1 6 1200 110
1 7 1800 160
1 8 1500 130
1 9 1000 90
1 10 1800 160
1 11 2200 200
1 12 1100 100
1 13 900 80
1 14 1500 130
1 15 2000 180
1 16 1700 150
1 17 900 80
1 18 1300 120
1 19 1400 120
1 20 1200 110
2 3 1600 150
2 4 900 80
2 5 1100 100
2 6 1900 170
2 7 800 70
2 8 1300 120
2 9 1200 110
2 10 900 80
2 11 1200 110
2 12 1300 120
2 13 1600 150
2 14 700 60
2 15 900 80
2 16 1100 100
2 17 1600 150
2 18 1700 150
2 19 1200 110
2 20 700 60
3 4 500 45
3 5 900 80
3 6 1200 110
3 7 800 70
3 8 1700 150
3 9 1100 100
3 10 700 60
3 11 1200 110
3 12 1300 120
3 13 800 70
3 14 1100 100
3 15 1500 130
3 16 1300 120
3 17 1200 110
3 18 600 55
3 19 700 60
3 20 900 80
4 5 800 70
4 6 900 80
4 7 500 45
4 8 600 55
4 9 1200 110
4 10 700 60
4 11 1100 100
4 12 800 70
4 13 900 80
4 14 700 60
4 15 1200 110
4 16 1500 130
4 17 1100 100
4 18 500 45
4 19 900 80
4 20 1100 100
5 6 1600 150
5 7 1100 100
5 8 1300 120
5 9 800 70
5 10 1300 120
5 11 700 60
5 12 1000 90
5 13 1600 150
5 14 1500 130
5 15 1100 100
5 16 500 45
5 17 1200 110
5 18 1700 150
5 19 700 60
5 20 1100 100
6 7 1300 120
6 8 900 80
6 9 800 70
6 10 1300 120
6 11 1600 150
6 12 900 80
6 13 800 70
6 14 1200 110
6 15 1300 120
6 16 700 60
6 17 900 80
6 18 1200 110
6 19 1100 100
6 20 1600 150
7 8 800 70
7 9 1500 130
7 10 1600 150
7 11 1200 110
7 12 1300 120
7 13 700 60
7 14 1100 100
7 15 900 80
7 16 1300 120
7 17 900 80
7 18 1100 100
7 19 800 70
7 20 800 70
8 9 1300 120
8 10 700 60
8 11 800 70
8 12 500 45
8 13 1300 120
8 14 1100 100
8 15 1500 130
8 16 1100 100
8 17 900 80
8 18 1600 150
8 19 800 70
8 20 600 55
9 10 1200 110
9 11 800 70
9 12 700 60
9 13 1100 100
9 14 1300 120
9 15 1600 150
9 16 800 70
9 17 1300 120
9 18 900 80
9 19 1200 110
9 20 800 70
10 11 800 70
10 12 900 80
10 13 1600 150
10 14 700 60
10 15 1100 100
10 16 1700 150
10 17 800 70
10 18 500 45
10 19 1200 110
10 20 1600 150
11 12 700 60
11 13 1200 110
11 14 1300 120
11 15 900 80
11 16 1100 100
11 17 800 70
11 18 1300 120
11 19 800 70
11 20 900 80
12 13 1300 120
12 14 900 80
12 15 1600 150
12 16 1200 110
12 17 1500 130
12 18 1200 110
12 19 800 70
12 20 1100 100
13 14 900 80
13 15 700 60
13 16 1500 130
13 17 800 70
13 18 1100 100
13 19 1300 120
13 20 1300 120
14 15 900 80
14 16 800 70
14 17 1100 100
14 18 1200 110
14 19 1600 150
14 20 1500 130
15 16 1200 110
15 17 1300 120
15 18 800 70
15 19 1300 120
15 20 1100 100
16 17 800 70
16 18 1500 130
16 19 800 70
16 20 1200 110
17 18 1300 120
17 19 900 80
17 20 800 70
18 19 1100 100
18 20 1300 120
19 20 900 80